-4243.1883252449
-4243.5719186837
-4243.5904445013
-4243.5977019438
-4243.6015658108
-4243.6039300631
-4243.6052141009
-4243.6069767326
-4243.6079528890
-4243.6098937754
-4243.6142287599
-4243.6134165663
-4243.6150073209
-4243.6135208972
-4243.6150266079
-4243.6167765196
-4243.6177214914
-4243.6191079780
-4243.6213706421
-4243.6184964307
-4243.6217150750
-4243.6229708464
-4243.6251747902
-4243.6298209610
-4243.6242756233
-4243.6306664936
-4243.6334424692
-4243.6379618069
-4243.6457035614
-4243.6293720642
-4243.6462321606
-4243.6485595109
-4243.6527943139
-4243.6566848064
-4243.6580287213
-4243.6589445474
-4243.6596279093
-4243.6602277782
-4243.6603616942
-4243.6605018726
-4243.6605387420
-4243.6605994161
-4243.6606915716
-4243.6609232767
-4243.6579605785
-4243.6606767822
-4243.6612623807
-4243.6613154424
-4243.6614918705
-4243.6615403855
-4243.6616256304
-4243.6616334737
-4243.6616827482
-4243.6616961793
-4243.6617163122
-4243.6617519242
-4243.6617857829
-4243.6618419642
-4243.6619142320
-4243.6619767286
-4243.6620354920
-4243.6621016626
-4243.6621464162
-4243.6621700212
-4243.6621815258
-4243.6621910992
-4243.6622021878
-4243.6622150579
-4243.6622254032
-4243.6622353719
-4243.6622456339
-4243.6622575304
-4243.6622749050
-4243.6622960801
-4243.6623146971
-4243.6623233987
-4243.6623261028
-4243.6623269156
-4243.6623269723
