3.218909422285918254e-01
1.937935309189896538e-01
1.596897751061058246e+00
-2.875304934315773830e-01
5.927746328402098142e-01
-9.653073082246421688e-01
-2.784637125747519981e-01
-1.390566215381676685e+00
-4.729036691096866751e-01
2.312508277601206530e-01
-1.771424625799391750e+00
1.414415267023190426e+00
7.462999044813338478e-02
-7.873549433956720245e-01
4.980467427652661427e-02
8.164088646086783974e-02
6.790158644421506740e-01
1.673176803650446187e+00
-1.143940769105682875e+00
2.609290810994040921e+00
4.625315432481440503e-01
-8.999721502450938604e-02
-2.157508323376191584e+00
-1.148807279510500212e+00
1.132219255675113168e+00
5.176014473676515681e-01
1.818649588993948463e+00
-7.515252070723589251e-01
-1.576530223365770964e-02
-1.269956434414352131e+00
1.976657016582488713e-01
-2.118318120079311750e+00
-5.968489054206432831e-01
-1.034090695820930605e+00
-8.502135694672666721e-01
-6.334811949299589129e-01
-6.320593148263826677e-01
-9.401929548190592900e-01
-2.758140043032739186e+00
-8.413465961388959524e-01
-1.006638297182179675e+00
-4.221311248263434068e-01
1.035647518637758946e+00
7.191942794982676412e-01
4.720262184118472759e-01
-1.294648736592578286e+00
-5.463846695443794754e-01
-7.289279091640812336e-01
-1.558121809443939298e+00
4.184765057508175734e-01
-1.697147940839409674e+00
-6.621315128189819710e-01
1.503893840449486152e-01
1.124555153207703384e+00
-8.853660290915095210e-01
-6.477721387632126016e-01
-5.150169703360084617e-01
2.792868386933138880e-01
-2.489368840052972320e-01
-3.821394586546232319e-01
-2.883475803790208625e-01
7.352781039962649201e-01
1.172335441562544434e+00
-4.641332310557599872e-01
-4.198606807684694964e-01
1.328668506591883958e+00
-1.768017592616895728e+00
-7.030515909613559433e-01
9.335999500124609884e-01
-7.386343788473190841e-01
-8.014399453183478073e-02
-3.288503891514005240e-01
-3.448793638084826640e-02
3.846773191690760485e-01
-1.770227553182669000e+00
-5.368074498776957970e-01
-7.816235315905745162e-02
-4.503831397194809627e-01
3.846263739008932703e-01
-7.148182786842361969e-01
-1.415704002482056356e-01
-3.633419545997366717e-01
-7.357260055901301277e-01
4.252681953211270849e-01
9.664591179903686546e-01
-2.205510317841916645e-01
1.695018016000154337e-01
2.872301444068391940e-01
8.695465769118706501e-01
1.377213807638566712e+00
1.159022826657488903e+00
-1.187916445898339335e+00
1.662181743861997685e+00
-6.611345666690088274e-02
-7.065807950132954041e-01
-2.921413836141091291e+00
3.572962004088476862e-01
2.083304075566774494e-01
9.682117500203116789e-01
1.083098982024809143e+00
-1.611658977444664076e-01
5.890043866322328681e-01
-2.452866175335388643e-01
-1.004035049239915961e-01
7.501294327496353942e-01
1.261977114987418824e+00
1.167058014972531366e+00
-2.010300023581643281e+00
5.379327474657382702e-01
-7.814877471443033852e-02
7.915999813610086200e-02
9.569712665875371727e-01
5.035209272591614771e-02
-1.239876871159686367e+00
1.148507413157958679e+00
5.824135702734803965e-01
-2.208709754523939583e+00
-3.992718939859130622e-01
-2.070753866150628397e+00
-3.220155119676585964e-01
-2.445129276342250524e+00
8.483079021985761026e-01
-1.109578239886282347e+00
-5.219403292098946379e-01
-2.498286142031982127e-01
-8.806207284701474958e-01
9.555570209271856408e-01
1.254000538574475021e+00
4.767020529716430033e-02
-3.002993085181334676e-01
1.408392682230539705e+00
-2.805395205184988972e-01
1.306451329038143205e+00
8.385990458596629393e-01
9.901028845607036111e-01
-3.425674881882794232e-01
1.295712419783136893e+00
-9.608395450240822533e-02
-1.086509600662699526e+00
-1.995395227134908189e-01
-2.013932927302253706e+00
9.555686808626234763e-01
7.579992378130845365e-01
8.203744698820714110e-01
3.204337580386383832e-01
1.083982028439907028e-02
7.439034871624221612e-01
-1.020211656228286135e+00
-2.580589879736358006e-01
4.993878593824173651e-01
-5.438367914311609957e-02
-1.464116128774842096e+00
7.660887845403107077e-01
6.197030109701695544e-01
-2.650992251735263761e+00
-2.898883877117467200e+00
-9.358735456425788524e-01
4.646826395889617212e-01
7.422752510325162367e-01
-4.235704838721335852e-01
6.914586106078470795e-01
-9.893300871280977238e-02
5.036278105047532483e-01
1.104536315796193158e+00
-2.120306585211040405e-03
-4.219451733632550439e-01
5.924944091614063879e-01
-6.620199489716982466e-01
-5.366821051620030980e-01
1.400481506758004757e+00
-6.909362860175501941e-01
-2.581592820366775398e-01
1.022804365677803667e-01
-1.022525533745117093e-01
2.347185399700888464e-01
5.330352725145958565e-02
-4.060115680641185332e-02
5.860464912208558363e-01
-1.462396161956545981e+00
4.311878978051282563e-02
4.598428721024349075e-01
2.194221281019705039e+00
-4.201659521370491035e-01
8.016403358696763126e-01
3.020795111371594732e-01
-6.428575688595855597e-01
-5.324445251710020477e-01
-1.355146544171646816e+00
2.299790441478715558e-02
-1.405501493873201557e+00
1.269479128908696242e-01
2.172731810379579728e-02
8.011295299534691994e-01
-1.704592523345749511e+00
1.222245037919469590e+00
2.502637910576445690e-01
9.298221437424257774e-01
1.339869343908134114e-01
1.403064372258311598e+00
1.898235389361965231e-01
1.277601274719075475e+00
-8.774887846510666112e-01
-5.489130114085479795e-01
-6.021859941818411693e-02
2.310300114600213117e+00
4.123478686524548881e-02
-1.349263021630245252e+00
2.944945922720547671e-01
-2.584332416233601770e-01
-5.996664403461101633e-01
-3.499686915482920768e-01
1.959778018526147844e-02
4.807675697501110346e-01
1.654930615446883913e+00
-7.582782543020873955e-01
1.362807678480676854e+00
1.417454474938203868e+00
-8.040975671424342996e-01
-1.047178109249508271e+00
-1.363709231524339982e+00
-1.684774887422660017e+00
-1.872593542468363736e+00
1.120400680549815453e+00
-1.406787030078747058e+00
1.917676813516134615e+00
-5.325152691647548897e-01
1.555871526044287911e+00
-6.603026169653993804e-01
8.105477831549047218e-01
1.578215877446074389e+00
-1.025750682623974619e+00
4.150486022585070378e-01
5.014051669272183709e-01
7.752723402131230790e-01
-1.507345989155737531e-01
7.716246375411663916e-01
-3.691725027940074289e-01
1.370129490324745907e-04
1.737408823825000947e+00
2.687368459448462032e-01
8.169906039478231907e-01
-3.535469011424904329e-01
3.537546051305189843e-01
4.480297312810905819e-01
-6.415690800488464962e-01
2.411271027592161720e-01
-2.265037402143530443e+00
1.700658582539115393e+00
-6.689072058521540187e-01
-6.155625845304873479e-03
2.093623701844313512e-01
-2.355005702208363250e+00
-1.112174006569471629e+00
-8.570026854312838838e-01
9.525271982414659222e-01
2.046460793033703929e-02
-5.920110090508250433e-01
1.658335882334446287e-01
-8.236352854125895684e-01
-9.935739046303669886e-01
-1.791792127631199216e+00
-4.959189146665418657e-01
5.131694774138738646e-01
1.205052632672082069e+00
7.890568544093470305e-01
1.979372554035704335e+00
1.452124867123070651e+00
8.164001701552211498e-01
-1.125609776945462714e+00
8.875407172520052845e-02
-3.334562278953742132e-01
5.446837947653363488e-01
1.172635337674934997e+00
-2.103140990078778971e-01
-9.915589491710047332e-01
1.913010259617630993e-01
-1.207647351650790402e+00
1.098874505199746443e-01
3.071429048335131973e-01
-1.199498356724969961e+00
-1.558671093788366324e+00
1.226347726558649764e+00
-1.927407222133301401e+00
1.312177057487329268e+00
-1.035623938349381046e+00
1.799666127591461384e+00
1.393353449295635371e-02
-8.745480094307458430e-01
5.150948980809156863e-01
-1.836416893433973352e-01
2.066284001705770978e-01
-6.630004782447561640e-01
1.086768796978278134e-01
3.566460536714576302e-01
1.210708185304407714e+00
1.570249492480477738e+00
-3.532570477099706285e-01
-7.920655579743768326e-01
-1.398010472063305532e+00
-5.811709738024097849e-01
-4.969296626884563417e-01
4.188055999980589417e-01
-1.216166091158984885e+00
8.499016128183148888e-01
-1.147174839936951907e+00
3.021938387703486661e+00
3.441237573161379237e-01
-1.317315630134222149e+00
1.073838878560577692e+00
-9.950341858909947934e-01
-1.398789555007345919e-01
4.343729697824710856e-01
-5.124769081939285070e-02
2.085078820609092276e-01
-1.740966218363030116e+00
-1.422139773310379773e+00
1.340854220605563807e+00
-1.704517851352674307e-01
4.697187673329836777e-01
6.119561826900847823e-01
-5.469088629975585314e-02
1.362685630998214381e-01
1.565274495553007572e+00
-1.699490796857102554e-02
4.617319171079074525e-01
1.304576562374602511e-01
-6.118774122393553228e-01
-1.157864133324089106e+00
-8.942857837447025782e-01
1.339999188160005517e+00
2.289568477950975345e-01
1.346639047268212819e+00
-1.939305190698356884e-01
-1.774997384681830548e+00
4.772726630540631843e-01
-4.150801636336914346e-01
-4.180338617096378551e-01
9.742782518404611292e-01
-7.643755746743693402e-01
1.853680445780871322e+00
-1.852362706308248105e-02
-5.045092663301390390e-01
-1.506952198037852853e+00
6.465226583767773316e-02
2.113263409829380657e-01
7.272992929208534907e-01
-7.168699770508563107e-01
-6.259282675752030067e-02
-3.440428044495016935e-01
-1.555619723243232000e-01
-1.635325844508001891e+00
-7.561433469552797382e-02
-6.359194069418492301e-01
-2.006617806666181336e-01
1.997337314986489476e+00
-9.651577044996619836e-01
3.619131777685224982e-01
5.114440933317095928e-01
1.996195835031236154e-01
1.931601779876102709e+00
-7.593388515187671217e-01
1.404954201699913918e+00
1.558705432352380571e+00
-3.159406258730190764e-01
9.939586653041516673e-01
-7.590375951834130719e-01
2.051571384360948880e+00
-4.842266492061605976e-01
5.609553256135852983e-01
-9.238841724807963507e-01
-8.266349675250305173e-01
2.792681777379548702e+00
2.546916086622900366e+00
-9.128610421612044501e-01
1.641231065611011009e-01
3.468293117106209800e-01
7.970651804506326821e-01
2.502029007430258134e-01
1.212700972431594915e+00
1.993119168191012092e-01
-6.656969662940664945e-02
7.793498738750735955e-01
-6.125794026480148036e-01
6.854474657932717596e-01
-1.231824304260677128e+00
1.985373371544325305e-01
4.789373084140783887e-01
-7.107201580440059008e-02
-1.845025032660422948e+00
5.257074478071993573e-01
2.673871852989491593e+00
-1.532518923619335949e+00
-5.727946019407718081e-01
8.670868981673695020e-01
9.423194634248532875e-01
-8.274395592410233036e-01
-2.655662280488683136e-01
1.197127429091571216e+00
1.982945303260645220e+00
-1.456626778389217836e-01
1.745318584428669606e+00
-6.327181856529591197e-01
1.428992173793594889e+00
-1.663033251158680725e+00
1.564573711178751880e+00
4.933379687921674583e-01
1.340335532982362965e+00
-1.593915728901839746e+00
5.361104956619745510e-01
1.162707698983712623e+00
1.125349105770276470e+00
-1.262836930605305996e+00
5.419837102854961897e-01
3.084074888085221455e-01
-6.035299297175213962e-01
1.173521760232370870e+00
-1.160169790159384096e-01
8.244167026201606463e-01
1.288634269908785823e+00
-9.281709017009236451e-01
4.053423347714582570e-01
-4.759104326321473843e-01
-8.125966087085857437e-01
-3.707808847967579147e-01
2.342227229892673290e-01
1.393424196776518631e+00
8.563275126988483255e-01
1.203125054743091837e+00
-6.464175714894625502e-01
3.825694370902127939e-01
4.419254950140149574e-01
-1.119100781510114162e+00
-1.575811188009050845e+00
1.016178331790361433e+00
-6.088533474224518127e-02
2.642997428929325654e-01
2.030391941401858080e+00
1.428326216663444281e+00
2.636990874357657555e-01
-7.073824390621441527e-01
-8.320532550822872242e-01
1.350372960231272401e+00
-1.138048963584400580e-01
-9.150625563511983751e-01
-3.168542731756128217e-01
1.318154540765969607e+00
1.708955500385441306e+00
-1.574706765877819103e+00
3.153244079706465919e-01
-6.920552842208009814e-01
-4.719867559180428163e-02
2.036950596307054162e-01
-9.253458849369833317e-01
9.235859385582562749e-04
6.480515288894553860e-01
2.678016655619205100e+00
3.254660478223302955e-01
-4.827611018050350505e-02
6.363417720444085601e-01
-1.365353142804772435e-01
-1.443201625651298503e+00
1.464405930954266077e+00
4.594191571824042808e-01
-8.652574738240287333e-01
-2.614952286767801559e-01
-7.309539075604309932e-01
-8.082554831985490074e-01
-1.295369903892593211e+00
6.857931302133676299e-01
-2.070430134578651604e-01
3.392478981862919740e-01
-7.649623708949487844e-01
-1.772245954550598634e+00
-8.435814056953999662e-01
7.544889415609187244e-01
8.208324787406341416e-01
7.283987712379552670e-01
-1.422095548131401710e+00
4.102443434315329873e-01
8.038212105314207490e-01
1.128958531766453000e+00
1.610745704391193689e+00
1.864146736878724786e+00
1.391306135738653138e+00
-1.076833419491056487e+00
2.580700737572920733e-01
7.476383961472679029e-01
2.007982421022199426e-01
-7.620669477523892010e-02
-1.256556534289874627e-01
-2.068021886538100151e+00
-4.545168999058679105e-01
4.093127374434639698e-01
-2.650938912199784614e+00
9.629954068855397509e-01
-1.423664273612769426e-01
-2.807344113929333140e-02
-1.008003054081541006e+00
-1.409989350925225260e+00
-1.378659704375302386e+00
-6.580866332222550241e-01
-3.086742745704695867e-02
1.400947851948202150e+00
-9.907891500891521375e-01
1.237398425627171061e+00
4.518806290652869206e-01
9.801590933444879195e-01
-1.513865883250994804e+00
3.272049029427848837e-02
-1.223835169488202812e+00
-1.490689331449325916e+00
-1.392863114491926346e+00
-1.563576970490689222e+00
1.112124986863449516e+00
-1.311316023224694260e-01
2.819242603106371536e+00
-1.358581253892477525e+00
-3.775264104481456662e-01
7.800317604511187719e-01
1.987327406582438893e+00
-1.041640479833086053e+00
2.811446258054060010e-01
6.575484959646471506e-01
2.035919076116936566e-01
1.080451972603485133e+00
1.221350691803669841e+00
9.855486299027479413e-01
3.090907474491975115e-01
-3.047396135945317219e-01
-6.069339692917552487e-01
-3.228200650770666202e-01
1.119946960961018201e+00
7.459687791016341718e-01
9.243398412993559798e-01
-9.502392138054170656e-02
-1.156719025188438776e-01
-1.472110390872826691e-01
8.857926654138913447e-01
1.314190957942368954e+00
-5.482010047216506060e-02
1.061232526454185532e+00
-3.930651367247236516e-01
-1.112119410960153321e+00
-1.567491776503927348e+00
-3.238085197932215609e-01
-2.166286554189516877e+00
5.079449148739374476e-01
5.678483807125890293e-01
-1.787799586020245357e+00
4.321720452740777652e-01
-5.644381612189917075e-01
-8.538978932491086971e-01
-1.365711485176189510e-03
-1.894209896452085096e-01
-8.863625044835305999e-01
1.866919266488828777e+00
-5.681695817310340041e-02
-4.777926769088313153e-01
3.225697581064717601e-01
-2.592794453921144715e+00
2.437746160003406715e-01
-5.941683946457386734e-01
2.669968164183323389e-01
4.141694769808879073e-01
-1.049457636753734491e+00
-1.639963124377349146e+00
2.504208993336244138e+00
3.168267159477783368e-01
-2.388362725088138128e-01
1.854975137412078867e+00
1.592571028640877184e+00
-2.191311811033216372e-01
-2.718660750163305884e-01
7.850425703579015924e-01
1.020928175470270649e-01
1.101476626621692850e-01
-3.360739704617228263e-01
1.996030329951000160e-01
1.254617668136972286e+00
1.225792958122776222e+00
1.354807080365862504e+00
-5.872167256017247761e-01
-1.794566730127218901e-01
3.520106644158004228e-01
2.103737332433745222e-01
-1.411894513332475176e+00
1.449673695752765390e+00
2.659833290110667381e+00
7.812027711862121748e-01
-3.741224281392369622e-01
4.090169059423255926e-01
-1.119521246311081519e+00
-2.806239317150888701e-01
-1.031988049412049246e+00
-8.353040036429927317e-01
-7.382874629571443137e-01
-7.791318725909387455e-01
1.345403481872301965e+00
1.821595594432394161e-01
5.673320095681055886e-01
-1.119026197702086778e+00
1.014058713350978858e+00
-2.967354462732720854e-01
6.330670648406377943e-01
1.536333264846141411e+00
-1.478676103985489872e-03
6.470328677060344091e-01
7.194341067695846359e-01
-2.433239607492288514e-01
1.756507443357894216e-01
8.617379290374630463e-01
-8.769437840789541250e-01
-1.241483881817887491e+00
-1.141169781882467538e+00
-1.010667713578261573e-01
-2.440632229313573376e+00
-8.303594945949623884e-01
-3.548484435314779306e-01
5.075030229088806077e-01
-3.955737530377599898e-01
1.075731916016762879e+00
-9.273449355083265289e-01
-1.434131545957488714e-02
-2.916225655006651069e-02
5.687971039270905971e-01
2.218146099761823253e-01
-2.260665235681326157e-01
-1.148445140394256381e-01
-3.686211608302993326e-01
-3.950572100141991894e-01
8.082196274230443733e-02
1.898600467870136532e-01
-1.443440276901542196e+00
-5.555167622596345334e-01
-1.411074244888192775e+00
1.445739856993667694e+00
1.146333399549844811e+00
-4.186964181113538852e-01
-1.639318672288044176e+00
6.430882268741436869e-01
2.164549150483723594e-01
8.024198088663028750e-02
-1.673409791732264562e+00
4.980374960953451446e-01
-7.441574523681734332e-01
4.654625680181824210e-01
-1.077851296604634745e+00
-3.158968005142019364e-01
1.568854852253704690e+00
1.145395708475597241e+00
-5.477795273443426538e-01
-2.393412935038845002e-01
-1.856045743379977520e+00
1.118881050037216829e+00
-8.072602498411227678e-01
1.463344567575782351e+00
-6.838188780114926035e-02
1.131075207454931147e-01
-1.097853773082469342e+00
-8.908531253425805430e-01
-1.222730344738582220e+00
1.979024677180643288e-01
-1.860643686435618838e+00
-1.055508831712221873e+00
2.196681603170256736e+00
-4.594741110624844249e-01
2.860263727195487271e-01
-6.167587641685914335e-01
8.431761958606244223e-01
7.321879115310051533e-01
-3.497882334243356817e-01
-1.786475380514224609e+00
-6.867603017160475165e-01
-1.572151352636658617e+00
-4.833851681641259113e-01
-1.405328205003209430e+00
2.773523403277948329e+00
-1.652049350297846608e+00
4.082076168022843454e-01
1.268307655308724025e+00
-2.043398566702773755e-01
1.259974617939270347e+00
-5.232640597567151525e-02
3.779885630192951207e-01
-3.049172164486895209e-01
-5.194964323063009370e-01
-2.827068104937563442e-01
7.593900366667915014e-01
1.034465541479929751e+00
6.424215677100144628e-01
3.032855632516648359e-01
-7.573687836473593782e-01
1.684847043330441330e-01
-5.478476115882597863e-01
6.740021709102653191e-02
-4.755456261243707905e-01
-9.825360000997730436e-01
7.111100209248918391e-01
-7.230519988066260728e-01
-1.227552086945619569e+00
4.190414440271758023e-01
-1.539608756264260414e+00
8.264732724883311343e-01
-8.437458625111969868e-01
-1.657458798103383257e+00
1.578679750782511881e+00
-6.640474627133079177e-02
-1.965461645001759516e-01
-1.507686186182089161e+00
-1.208565166858333928e+00
7.035112427484612185e-01
-1.934159378100266835e+00
-6.952702756044361054e-01
5.407859170756570411e-01
-5.582167978907142530e-02
1.889527125674793015e-02
-1.580511872502455173e+00
4.832473868909495929e-01
-2.350482435813084081e-01
1.637934090537431109e+00
4.538778858806973293e-01
5.853467044192282032e-01
-1.088629993417187802e-01
-6.997706587108253329e-01
-6.625395299099366975e-01
-2.496603303799884710e+00
5.948633866920102209e-01
-5.397553987753046512e-01
-7.380479101641613804e-01
1.150774707467424163e+00
6.402714952199070053e-01
1.666297391499125702e+00
8.481548921164046018e-01
-8.694545820466874353e-02
1.640172247277932094e+00
2.738647978750896606e-01
-7.615526796249423302e-01
-1.073439629874402557e-01
-7.850986074914422241e-01
-4.129477389377677471e-02
1.768985977714737423e+00
-8.111872850851760131e-01
-2.022757489569466660e+00
8.428528452846265617e-01
-6.798370933891532131e-01
-2.831207248936362109e-01
-1.217575821157161897e-01
5.463995870424441792e-01
-1.052224497709975060e+00
-8.735197422767767561e-01
5.190105961260029765e-01
1.150280076974624865e+00
1.057274034558802533e+00
-3.863566611541434104e-01
-6.802378630365598644e-01
-2.871487384631642437e-01
2.213144671155549692e-01
-1.398993873575735458e+00
1.540759769235023446e+00
1.990343182673750266e-01
-1.434427092987424102e+00
-3.611159443027314730e-01
-1.096284279146133134e+00
-5.049521070900931941e-01
-7.012771514712031751e-01
1.291236842406831675e+00
-4.626646795216469987e-02
1.098937359288112425e-01
1.318947135947786231e+00
4.920588656564791608e-01
-1.339929156504247265e+00
-7.688831318428125394e-01
-6.757939206415372047e-01
-6.270129651784487335e-01
2.020143193885857613e+00
-4.603114853646479432e-01
1.887672016076523684e+00
-2.204170162731520222e-01
-1.302763469787571703e-02
-1.230594734376118660e-01
2.789678256138456991e-01
1.701237232984436742e+00
2.183714054636115010e-01
3.406221009786438159e-01
1.566952644797521499e+00
4.336066737199102405e-01
-3.608361563534070449e-01
1.884306263041933160e+00
5.917866726448313131e-01
-6.508454312377129902e-01
5.448349070670369665e-01
-2.096854395540886262e+00
8.297070767682139802e-01
1.482503352826537668e+00
-5.238144843431749020e-01
-6.193343177444228242e-01
-1.154259250540149578e-01
-7.559615572947053774e-02
1.395051915499851081e+00
1.140068126163145568e+00
4.455193584738100232e-01
-4.308457232918533886e-01
-6.090690498784662177e-01
-1.526255000261192762e+00
1.579316302419404572e+00
-1.977869371331709036e+00
-8.352001983935172236e-01
5.875142985768667669e-01
-1.557135833313450624e+00
-1.261445910955394822e+00
1.811821491408888846e-02
-1.551730597801646239e+00
7.122098788942246017e-01
-1.620935082697407825e-01
1.320643412658474569e-01
5.660790326067032252e-01
-4.119168029441700463e-01
-8.011988958013970263e-01
3.481587448561038189e-01
-4.375499954328143093e-01
-7.597877584944617846e-02
1.208707504832467361e+00
1.179285534018297943e+00
-1.144694691462818659e+00
2.836517090396022400e-01
1.497571875747071291e+00
-5.227045379089858557e-01
9.126916216616611788e-01
-1.047624215382680912e+00
-1.016391404536458154e+00
1.132896030721635583e+00
-8.171578681905798947e-01
-2.532547783113968110e-01
-8.501507728054641388e-02
4.563903599321247895e-01
6.267926297074719599e-01
-8.109264853160108588e-02
-1.874658319580088550e+00
1.364893680471592097e+00
-1.385170291725497327e+00
-9.936712513928742940e-02
3.818399356482089502e-01
2.094988252555315400e-01
6.598808224385358523e-01
6.727590301789465599e-01
8.213886978241695669e-01
1.133747249219922010e-01
-1.796740012368845729e+00
-1.832130920680084263e-01
1.023301735035633819e-01
1.455489391275195943e-01
3.910837048879855504e-01
-4.788043987800746915e-01
1.925409838001522489e-01
1.402476943320658531e+00
7.439551131476943580e-01
-9.903777098927674105e-02
-1.735301946188869127e-01
1.680560954320642786e+00
1.643881380034920348e+00
9.032137640669840595e-02
5.226877399782345890e-01
-6.799510864861088022e-01
1.207677995999036025e+00
-1.097552609556371253e-02
-1.099405430057720290e+00
2.030921859240000238e+00
1.125260913560139686e+00
1.460613906941285123e+00
2.281262638574612367e-01
5.278796975779265904e-02
-4.236617095452987480e-01
9.385578859826098075e-01
-2.875684033033528916e-02
-2.180305360530007786e+00
7.080625130339877060e-01
2.562532863516552017e-02
8.083530677852408530e-01
1.098614587380877916e+00
4.906491825977952748e-01
-2.251289872476388010e-01
5.865455128935316738e-03
8.079264987455676561e-01
-8.423425654173543053e-01
8.949065903900619290e-01
1.225418349265030349e+00
-4.331133212751623884e-01
9.295196787387866033e-02
7.509469495947826978e-01
5.031621621968694891e-01
-9.649280778455138208e-01
-9.793907063472576668e-01
5.340474850782113148e-01
8.867218105638532966e-02
-2.088920192376534091e-01
1.112693462086726592e+00
-1.258113200343609961e+00
-5.286086891442259850e-01
-5.930854092902256014e-02
6.045620722962065097e-01
-2.811477728530972775e-01
-2.976826341518308827e-01
-2.294335513158462514e-01
4.139959333362155935e-01
-7.452781661753399289e-01
-6.144028412779154458e-01
1.159337403014014667e+00
2.271171266152645918e-01
-9.197306621456773357e-01
3.186539571318101061e-01
-9.542143505770693812e-01
8.655145620967221731e-01
2.944200899751209244e-01
6.201526111146633546e-01
-1.053817422050770114e+00
-1.152506747388089225e+00
6.416307144331613310e-01
1.349537167599488052e+00
8.776354167674065287e-01
3.527971236100255203e-01
4.018701976731657577e-02
-1.328158862880362445e+00
8.654296445387353875e-01
-9.670009299276838277e-01
4.949529078832438089e-01
-1.412124038272911664e+00
2.821565283924792542e-02
8.374045960966480795e-01
-3.543093236985583316e-01
7.273510920303932759e-01
4.665322025738997125e-01
6.158149936078501918e-01
-1.686732422166536960e+00
-1.160141966677843556e-01
-1.524809912565265435e+00
2.872513439634036270e-01
1.272268029551876678e+00
-5.042114401949737701e-01
9.887274958445492479e-02
-8.042074435388679721e-01
-1.158042457913832202e+00
2.139134115865895858e+00
8.610441466010556599e-01
5.173186365707890255e-01
1.071631449134273328e+00
1.007041954072357859e+00
1.108836626966268162e-02
3.882051830982070073e-01
5.905025313801691711e-01
-8.967826734486290530e-01
-1.017928003780310453e+00
2.979369865870117873e-01
-4.161504211582689461e-01
-1.445845043570529009e+00
7.655372260324928568e-01
5.967804895009863886e-01
-4.156434210166332077e-01
-3.540292443916284171e-01
-1.169854782642844454e-01
4.877984063385135682e-01
9.102771319730290633e-01
2.250903912843783133e-02
-8.884515317480828900e-01
8.110351920877461041e-01
-6.237870763089130577e-01
1.927873468206036334e+00
4.436992619765826040e-01
9.889847298791900609e-01
-1.002131672509813276e+00
1.684549742478391177e-01
-1.134047278371681094e-01
-1.435908604206209471e+00
9.720370318912040231e-02
1.885013795590355645e-01
2.219067376308000661e+00
-7.784636556554660469e-01
-4.736876944847678850e-01
-3.432442313955469393e-01
1.474560968749978773e+00
-7.574996449526241182e-01
1.724963187974190015e-01
9.288213017427764395e-01
-1.737296944175070745e-01
6.960683212182361412e-01
4.302317886869470864e-02
-5.804417529042489310e-01
3.911829243624378449e-01
-1.152688674057740226e+00
-2.023540330523392328e+00
1.579089440078169426e+00
1.805557626262380699e+00
1.865728080254981158e+00
-1.095821340537950883e+00
1.751141769892316624e+00
5.922586479732466075e-02
8.882166693000208557e-01
-7.799353010187900503e-01
5.136965462283642481e-01
1.085753188900574623e-01
1.172003040165912724e+00
