$molecule
0 1
C         -3.71601       -7.79285       -0.00000
C         -4.89159       -7.11483        0.00000
C         -4.93265       -5.66872        0.00000
C         -6.10585       -4.93471        0.00000
C         -6.09972       -3.52133        0.00000
C         -7.32646       -2.81939        0.00000
C         -7.37416       -1.43658        0.00000
C         -8.60639       -0.67841        0.00000
C         -8.60639        0.67841        0.00000
C         -1.22094       -7.75340        0.00000
C         -2.44320       -7.10449        0.00000
C         -2.43593       -5.67531        0.00000
C         -3.69852       -4.94765        0.00000
C         -3.63679       -3.55203        0.00000
C         -4.83848       -2.79323        0.00000
C         -4.89256       -1.37268        0.00000
C         -6.13235       -0.72837        0.00000
C         -6.13235        0.72837        0.00000
C         -7.37416        1.43658        0.00000
C         -7.32646        2.81940        0.00000
C          1.22094       -7.75340        0.00000
C         -0.00000       -7.04104        0.00000
C         -0.00000       -5.58454        0.00000
C         -1.25826       -4.92292        0.00000
C         -4.89256        1.37268        0.00000
C         -4.83848        2.79323        0.00000
C         -6.09972        3.52133        0.00000
C         -6.10585        4.93471        0.00000
C          3.71601       -7.79285        0.00000
C          2.44320       -7.10449        0.00000
C          2.43593       -5.67531        0.00000
C          1.25826       -4.92292        0.00000
C         -3.63679        3.55203        0.00000
C         -3.69852        4.94765        0.00000
C         -4.93265        5.66872        0.00000
C         -4.89159        7.11483        0.00000
C          4.89159       -7.11483        0.00000
C          4.93265       -5.66872        0.00000
C          3.69852       -4.94765        0.00000
C          3.63679       -3.55203        0.00000
C         -1.25826        4.92292        0.00000
C         -2.43593        5.67531        0.00000
C         -2.44320        7.10449        0.00000
C         -3.71601        7.79285        0.00000
C          6.10585       -4.93471        0.00000
C          6.09972       -3.52133        0.00000
C          4.83848       -2.79323        0.00000
C          4.89256       -1.37268        0.00000
C          1.25827        4.92292        0.00000
C          0.00000        5.58454        0.00000
C          0.00000        7.04104        0.00000
C         -1.22094        7.75340        0.00000
C          7.32646       -2.81940       -0.00000
C          7.37416       -1.43658       -0.00000
C          6.13235       -0.72837        0.00000
C          6.13235        0.72837        0.00000
C          4.89256        1.37268        0.00000
C          4.83848        2.79323        0.00000
C          3.63679        3.55203        0.00000
C          3.69852        4.94765        0.00000
C          2.43593        5.67531        0.00000
C          2.44320        7.10449        0.00000
C          1.22094        7.75340        0.00000
C          8.60639       -0.67841       -0.00000
C          8.60639        0.67841        0.00000
C          7.37416        1.43658       -0.00000
C          7.32646        2.81939       -0.00000
C          6.09972        3.52133        0.00000
C          6.10585        4.93471       -0.00000
C          4.93265        5.66872        0.00000
C          4.89159        7.11483        0.00000
C          3.71601        7.79285        0.00000
Si        -1.80122       -3.11493        0.00000
Si         1.80122       -3.11493       -0.00000
Si         3.59362        0.00000       -0.00000
Si         1.80122        3.11493        0.00000
Si        -1.80122        3.11493        0.00000
Si        -3.59362       -0.00000       -0.00000
H         -1.36541       -2.36263        1.20312
H         -1.36541       -2.36263       -1.20312
H          1.36542       -2.36263       -1.20312
H          1.36541       -2.36263        1.20312
H          2.72568        0.00000       -1.20418
H          2.72568        0.00000        1.20417
H          1.36541        2.36263       -1.20312
H          1.36541        2.36263        1.20312
H         -1.36541        2.36263        1.20312
H         -1.36541        2.36263       -1.20312
H         -2.72568        0.00000       -1.20418
H         -2.72568        0.00000        1.20417
H         -3.70818       -8.87966       -0.00000
H         -5.83643       -7.65200       -0.00000
H         -7.06463       -5.44853       -0.00000
H         -8.25170       -3.39138       -0.00000
H         -9.54392       -1.22831       -0.00000
H         -9.54392        1.22831       -0.00000
H         -1.18685       -8.84061       -0.00000
H         -8.25170        3.39138       -0.00000
H          1.18685       -8.84061       -0.00000
H         -7.06463        5.44853        0.00000
H          3.70818       -8.87966       -0.00000
H         -5.83643        7.65200        0.00000
H          5.83643       -7.65200       -0.00000
H         -3.70818        8.87966        0.00000
H          7.06463       -5.44853       -0.00000
H         -1.18685        8.84061        0.00000
H          8.25170       -3.39138        0.00000
H          1.18685        8.84061       -0.00000
H          9.54392       -1.22831        0.00000
H          9.54392        1.22831        0.00000
H          8.25170        3.39138        0.00000
H          7.06463        5.44853       -0.00000
H          5.83643        7.65200        0.00000
H          3.70818        8.87966        0.00000
O         -0.36911       -1.16568        8.18405
H          0.55813       -1.05395        7.85567
H         -0.28632       -1.78129        8.95481
O         -3.29197       -3.36535        8.14386
H         -2.76620       -2.83389        8.79302
H         -2.87405       -4.26285        8.16184
O          2.66742       -0.89408       10.40306
H          2.79072       -0.84626        9.42177
H          2.00947       -1.62214       10.53562
O          2.34236       -3.29162        7.54853
H          2.09226       -3.33868        8.50503
H          3.33023       -3.35568        7.54726
O          6.19626       -1.85513        8.64049
H          5.91403       -2.66415        8.14421
H          5.34870       -1.43581        8.93393
O         -0.15579       -5.02679        9.58708
H          0.04747       -4.17318       10.04578
H         -0.23936       -4.78122        8.63155
O          1.82931        4.28682       10.43004
H          1.80393        5.23857       10.15785
H          0.88363        3.99494       10.39970
O          4.11747       -4.45734       10.34312
H          4.24137       -3.47753       10.41396
H          4.58840       -4.70728        9.50869
O         -1.08400        0.38450       11.03192
H         -0.16366        0.02237       11.07895
H         -1.04626        1.06517       10.31391
O         -2.57747       -0.87223        5.60670
H         -3.38822       -1.43975        5.57415
H         -2.57710       -0.38913        4.74241
O         -3.35567        0.50559        8.47770
H         -2.69657        0.96233        7.89674
H         -4.10741        1.14592        8.55110
O         -1.62539        3.68480        8.93007
H         -2.53107        3.41934        9.22951
H         -1.61620        3.48600        7.96010
O          3.37686       -0.68499        6.03928
H          4.20733       -0.93659        6.51611
H          3.23868       -1.41289        5.38242
O          4.55527        2.05953        7.36696
H          5.36495        1.52056        7.18107
H          4.05901        1.53466        8.04421
O         -0.96740        2.27333        5.07076
H          0.01162        2.37430        5.18009
H         -1.08476        1.99821        4.12669
O          1.74907        4.97850        7.06816
H          2.01951        4.17589        6.55513
H          0.85058        4.75699        7.42051
O          1.20277        1.85553        8.15784
H          1.26175        1.41176        9.04093
H          0.29776        1.63047        7.82603
O         -0.63077       -3.42861        6.02363
H          0.02821       -4.14104        5.82769
H         -1.47246       -3.74776        5.61122
O          2.48819       -6.49211        7.47373
H          3.00251       -6.09882        6.72448
H          1.54124       -6.31838        7.24223
O          0.45544       -0.71456        4.15641
H          0.85200       -1.61316        4.03086
H          0.45399       -0.57845        5.13736
$end

$rem
jobtype force
exchange b3lyp
basis 3-21g
symmetry off
sym_ignore true
scf_convergence 10
thresh 16
$end
