  Atom           S          P          D        Total
      1   Cl  6.0039587 11.6650820 -0.0297992 17.6392415
      2    O  3.7402631  4.5771212  0.0119825  8.3293668
      3    N  3.3865716  3.7084805  0.0561289  7.1511810
      4    C  3.2680111  2.8913806  0.0536182  6.2130098
      5    C  3.2886399  2.9104628  0.0532095  6.2523122
      6    C  3.2692564  2.9388232  0.0543673  6.2624469
      7    C  3.2640296  2.9281526  0.0674240  6.2596063
      8    C  3.1650893  2.7371185  0.0913501  5.9935579
      9    H  0.8405340  0.0213094  0.0000000  0.8618434
     10    H  0.8554593  0.0213172  0.0000000  0.8767765
     11    H  0.7897019  0.0282277  0.0000000  0.8179297
     12    H  0.8531471  0.0214005  0.0000000  0.8745476
     13    H  0.8296198  0.0214028  0.0000000  0.8510226
     14    H  0.7881515  0.0267990  0.0000000  0.8149505
     15    H  0.8167668  0.0207153  0.0000000  0.8374821
     16    H  0.8204882  0.0209395  0.0000000  0.8414277
     17    H  0.8178387  0.0206727  0.0000000  0.8385114
     18    H  0.8330735  0.0207609  0.0000000  0.8538344
     19    H  0.8154642  0.0207773  0.0000000  0.8362415
     20    H  0.8710162  0.0197532  0.0000000  0.8907694
     21    H  0.8937011  0.0193139  0.0000000  0.9130150
     22    H  0.7263759  0.0645497  0.0000000  0.7909256
------------ ---------- ---------- ---------- ----------
  Total                                      76.0000000
