    0.0000133377     0.0000141025     0.0000017128
   -0.0007433237    -0.0016646663    -0.0018415863
    0.0060423477    -0.0001284345     0.0066933942
   -0.0000044502    -0.0000091756     0.0000006854
    0.0000141592    -0.0000049283     0.0000018193
    0.0000044503    -0.0000005406    -0.0000011220
   -0.0096111355    -0.0011294997    -0.0115743170
    0.0056964913     0.0057353204     0.0097761437
   -0.0000019579     0.0000011216     0.0000017551
    0.0000004643     0.0000015872     0.0000018664
    0.0000033213     0.0000005514     0.0000009174
    0.0000011671     0.0000013473     0.0000028381
   -0.0000057215    -0.0000042829    -0.0000023531
   -0.0000080686     0.0000073266    -0.0000055003
   -0.0000010771     0.0000040483    -0.0000025387
    0.0000002598    -0.0000004448     0.0000085529
   -0.0000011096    -0.0000060585    -0.0000016537
    0.0000205986     0.0000544207     0.0000022077
   -0.0001395964    -0.0000543691     0.0000450181
   -0.0001287717    -0.0000259022     0.0000787345
    0.0001004986     0.0000079304    -0.0000452502
   -0.0012518837    -0.0027994537    -0.0031413242
